4,40
6,7
6,4
7,10
7,8
7,7
17,2
17,1
17,3
15,2
15,1
15,3
16,2
16,1
16,3
13,2
14,2
4,17
4,26
4,16
4,4
4,31
4,85
4,87
4,37
4,65
4,80
4,78
4,1
4,10
4,2
4,3
6,8
6,5
6,1
6,6
6,2
6,3
7,12
7,14
7,15
7,4
7,16
7,11
7,1
7,6
7,2
7,3
5,4
5,2
5,1
5,3
23,52
23,51
23,50
23,49
23,48
23,47
23,46
23,45
23,44
23,43
23,42
23,41
23,40
23,39
23,38
23,37
23,36
23,35
3,2
10,167
10,149
10,199
10,151
10,99
10,2
10,3
11,10
11,14
11,9
11,18
11,15
11,16
11,2
11,3
9,5
9,2
9,3
8,6
8,8
8,7
8,10
8,11
8,2
8,3
12,2
12,1
12,3
11,30
11,29
11,28
11,27
11,26
11,25
11,24
11,23
11,22
11,1
11,21
10,317
10,316
10,315
10,314
10,313
10,312
10,311
10,310
10,309
10,308
10,307
10,306
10,305
10,304
10,303
10,302
10,301
10,300
10,299
10,298
10,297
10,296
